
V3= -1 to 1 in 0.01 step
NO. V3 I3
 V A
1 -1 -0.0008554
2 -0.99 -0.00084687
3 -0.98 -0.00083831
4 -0.97 -0.00082985
5 -0.96 -0.0008213
6 -0.95 -0.00081273
7 -0.94 -0.00080418
8 -0.93 -0.00079566
9 -0.92 -0.00078709
10 -0.91 -0.0007786
11 -0.9 -0.00077004
12 -0.89 -0.00076153
13 -0.88 -0.00075296
14 -0.87 -0.00074441
15 -0.86 -0.00073585
16 -0.85 -0.00072733
17 -0.84 -0.00071881
18 -0.83 -0.00071025
19 -0.82 -0.00070169
20 -0.81 -0.00069314
21 -0.8 -0.00068457
22 -0.79 -0.00067608
23 -0.78 -0.00066745
24 -0.77 -0.00065891
25 -0.76 -0.00065037
26 -0.75 -0.0006418
27 -0.74 -0.00063328
28 -0.73 -0.00062476
29 -0.72 -0.00061618
30 -0.71 -0.0006076
31 -0.7 -0.00059903
32 -0.69 -0.00059055
33 -0.68 -0.00058198
34 -0.67 -0.00057344
35 -0.66 -0.0005649
36 -0.65 -0.00055632
37 -0.64 -0.00054774
38 -0.63 -0.0005392
39 -0.62 -0.00053069
40 -0.61 -0.0005221
41 -0.6 -0.00051355
42 -0.59 -0.00050505
43 -0.58 -0.00049644
44 -0.57 -0.00048789
45 -0.56 -0.00047938
46 -0.55 -0.0004708
47 -0.54 -0.0004622
48 -0.53 -0.00045369
49 -0.52 -0.00044511
50 -0.51 -0.00043653
51 -0.5 -0.00042804
52 -0.49 -0.00041954
53 -0.48 -0.0004109
54 -0.47 -0.00040235
55 -0.46 -0.00039378
56 -0.45 -0.0003852
57 -0.44 -0.00037669
58 -0.43 -0.00036815
59 -0.42 -0.00035959
60 -0.41 -0.000351
61 -0.4 -0.00034242
62 -0.39 -0.00033391
63 -0.38 -0.00032536
64 -0.37 -0.00031681
65 -0.36 -0.00030824
66 -0.35 -0.00029964
67 -0.34 -0.00029104
68 -0.33 -0.0002825
69 -0.32 -0.000274
70 -0.31 -0.00026542
71 -0.3 -0.00025685
72 -0.29 -0.00024834
73 -0.28 -0.00023972
74 -0.27 -0.00023115
75 -0.26 -0.00022265
76 -0.25 -0.00021406
77 -0.24 -0.00020546
78 -0.23 -0.0001969
79 -0.22 -0.00018835
80 -0.21 -0.00017976
81 -0.2 -0.00017126
82 -0.19 -0.00016275
83 -0.18 -0.00015411
84 -0.17 -0.00014555
85 -0.16 -0.00013696
86 -0.15 -0.0001284
87 -0.14 -0.00011987
88 -0.13 -0.0001113
89 -0.12 -0.00010274
90 -0.11 -9.4186E-05
91 -0.1 -8.5591E-05
92 -0.09 -7.7025E-05
93 -0.08 -6.8497E-05
94 -0.07 -5.9984E-05
95 -0.06 -5.1359E-05
96 -0.05 -4.2797E-05
97 -0.04 -3.4218E-05
98 -0.03 -2.5635E-05
99 -0.02 -1.7124E-05
100 -0.01 -8.5499E-06
101 0 2.0351E-08
102 0.01 8.596E-06
103 0.02 1.7176E-05
104 0.03 2.5742E-05
105 0.04 3.4305E-05
106 0.05 4.2822E-05
107 0.06 5.1423E-05
108 0.07 5.9971E-05
109 0.08 6.8536E-05
110 0.09 7.7111E-05
111 0.1 8.5687E-05
112 0.11 9.4195E-05
113 0.12 0.000102775
114 0.13 0.000111355
115 0.14 0.00011991
116 0.15 0.00012849
117 0.16 0.00013706
118 0.17 0.00014562
119 0.18 0.00015415
120 0.19 0.00016266
121 0.2 0.00017128
122 0.21 0.00017985
123 0.22 0.00018845
124 0.23 0.00019702
125 0.24 0.0002055
126 0.25 0.00021409
127 0.26 0.00022264
128 0.27 0.00023124
129 0.28 0.0002398
130 0.29 0.00024834
131 0.3 0.00025689
132 0.31 0.00026546
133 0.32 0.00027403
134 0.33 0.00028261
135 0.34 0.00029115
136 0.35 0.00029973
137 0.36 0.0003083
138 0.37 0.00031682
139 0.38 0.00032539
140 0.39 0.00033394
141 0.4 0.00034252
142 0.41 0.0003511
143 0.42 0.00035964
144 0.43 0.00036819
145 0.44 0.00037672
146 0.45 0.00038533
147 0.46 0.00039387
148 0.47 0.00040246
149 0.48 0.00041099
150 0.49 0.00041951
151 0.5 0.00042809
152 0.51 0.00043666
153 0.52 0.00044521
154 0.53 0.00045381
155 0.54 0.00046233
156 0.55 0.00047084
157 0.56 0.00047941
158 0.57 0.00048801
159 0.58 0.00049656
160 0.59 0.0005051
161 0.6 0.00051367
162 0.61 0.00052222
163 0.62 0.00053075
164 0.63 0.00053931
165 0.64 0.00054786
166 0.65 0.00055643
167 0.66 0.00056497
168 0.67 0.00057356
169 0.68 0.00058205
170 0.69 0.00059061
171 0.7 0.00059916
172 0.71 0.00060773
173 0.72 0.00061629
174 0.73 0.00062485
175 0.74 0.0006333
176 0.75 0.00064188
177 0.76 0.00065044
178 0.77 0.00065901
179 0.78 0.00066757
180 0.79 0.00067612
181 0.8 0.00068467
182 0.81 0.00069316
183 0.82 0.00070172
184 0.83 0.00071027
185 0.84 0.00071878
186 0.85 0.00072738
187 0.86 0.0007359
188 0.87 0.00074443
189 0.88 0.00075296
190 0.89 0.00076154
191 0.9 0.00077008
192 0.91 0.00077865
193 0.92 0.00078719
194 0.93 0.00079569
195 0.94 0.00080416
196 0.95 0.00081277
197 0.96 0.00082131
198 0.97 0.00082986
199 0.98 0.00083834
200 0.99 0.0008469
201 1 0.00085546
202 1 0.00085543
203 0.99 0.0008469
204 0.98 0.00083832
205 0.97 0.00082987
206 0.96 0.00082132
207 0.95 0.0008128
208 0.94 0.00080425
209 0.93 0.00079568
210 0.92 0.0007872
211 0.91 0.00077862
212 0.9 0.00077007
213 0.89 0.00076153
214 0.88 0.00075298
215 0.87 0.00074443
216 0.86 0.00073595
217 0.85 0.00072741
218 0.84 0.00071886
219 0.83 0.00071025
220 0.82 0.00070171
221 0.81 0.00069317
222 0.8 0.00068466
223 0.79 0.0006761
224 0.78 0.00066756
225 0.77 0.00065901
226 0.76 0.00065047
227 0.75 0.0006419
228 0.74 0.00063335
229 0.73 0.00062484
230 0.72 0.0006163
231 0.71 0.00060773
232 0.7 0.00059916
233 0.69 0.00059061
234 0.68 0.00058205
235 0.67 0.00057355
236 0.66 0.000565
237 0.65 0.00055644
238 0.64 0.0005479
239 0.63 0.00053931
240 0.62 0.00053075
241 0.61 0.00052225
242 0.6 0.00051369
243 0.59 0.0005051
244 0.58 0.00049654
245 0.57 0.00048798
246 0.56 0.00047942
247 0.55 0.00047085
248 0.54 0.00046237
249 0.53 0.00045379
250 0.52 0.00044521
251 0.51 0.00043665
252 0.5 0.00042808
253 0.49 0.0004195
254 0.48 0.00041099
255 0.47 0.00040244
256 0.46 0.00039388
257 0.45 0.00038532
258 0.44 0.00037676
259 0.43 0.00036817
260 0.42 0.00035966
261 0.41 0.00035111
262 0.4 0.00034252
263 0.39 0.00033395
264 0.38 0.00032537
265 0.37 0.00031681
266 0.36 0.00030832
267 0.35 0.00029974
268 0.34 0.00029118
269 0.33 0.0002826
270 0.32 0.00027403
271 0.31 0.00026546
272 0.3 0.00025689
273 0.29 0.00024838
274 0.28 0.00023978
275 0.27 0.00023123
276 0.26 0.00022267
277 0.25 0.00021407
278 0.24 0.00020552
279 0.23 0.000197
280 0.22 0.00018844
281 0.21 0.00017985
282 0.2 0.00017128
283 0.19 0.00016273
284 0.18 0.00015412
285 0.17 0.00014565
286 0.16 0.00013706
287 0.15 0.0001285
288 0.14 0.00011993
289 0.13 0.00011135
290 0.12 0.00010277
291 0.11 9.4205E-05
292 0.1 8.5696E-05
293 0.09 7.7131E-05
294 0.08 6.8516E-05
295 0.07 5.997E-05
296 0.06 5.1373E-05
297 0.05 4.2824E-05
298 0.04 3.4321E-05
299 0.03 2.5751E-05
300 0.02 1.718E-05
301 0.01 8.5911E-06
302 0 1.9092E-08
303 -0.01 -8.569E-06
304 -0.02 -1.7126E-05
305 -0.03 -2.5644E-05
306 -0.04 -3.4204E-05
307 -0.05 -4.2765E-05
308 -0.06 -5.1353E-05
309 -0.07 -5.9936E-05
310 -0.08 -6.8509E-05
311 -0.09 -7.7031E-05
312 -0.1 -8.5614E-05
313 -0.11 -9.4165E-05
314 -0.12 -0.00010273
315 -0.13 -0.000111309
316 -0.14 -0.00011988
317 -0.15 -0.00012842
318 -0.16 -0.00013698
319 -0.17 -0.00014553
320 -0.18 -0.00015411
321 -0.19 -0.0001627
322 -0.2 -0.00017126
323 -0.21 -0.00017975
324 -0.22 -0.00018833
325 -0.23 -0.00019694
326 -0.24 -0.00020549
327 -0.25 -0.00021409
328 -0.26 -0.00022264
329 -0.27 -0.00023113
330 -0.28 -0.0002397
331 -0.29 -0.00024827
332 -0.3 -0.00025684
333 -0.31 -0.00026543
334 -0.32 -0.00027397
335 -0.33 -0.00028255
336 -0.34 -0.00029108
337 -0.35 -0.00029965
338 -0.36 -0.00030823
339 -0.37 -0.00031677
340 -0.38 -0.00032532
341 -0.39 -0.00033387
342 -0.4 -0.00034243
343 -0.41 -0.00035102
344 -0.42 -0.00035957
345 -0.43 -0.00036817
346 -0.44 -0.0003767
347 -0.45 -0.00038522
348 -0.46 -0.00039379
349 -0.47 -0.00040232
350 -0.48 -0.00041086
351 -0.49 -0.00041949
352 -0.5 -0.00042805
353 -0.51 -0.00043653
354 -0.52 -0.00044507
355 -0.53 -0.00045373
356 -0.54 -0.00046222
357 -0.55 -0.00047079
358 -0.56 -0.00047939
359 -0.57 -0.00048787
360 -0.58 -0.00049641
361 -0.59 -0.000505
362 -0.6 -0.00051355
363 -0.61 -0.0005221
364 -0.62 -0.00053065
365 -0.63 -0.00053923
366 -0.64 -0.00054776
367 -0.65 -0.00055633
368 -0.66 -0.0005649
369 -0.67 -0.00057344
370 -0.68 -0.00058195
371 -0.69 -0.00059051
372 -0.7 -0.00059908
373 -0.71 -0.00060763
374 -0.72 -0.00061617
375 -0.73 -0.00062477
376 -0.74 -0.00063331
377 -0.75 -0.0006418
378 -0.76 -0.00065036
379 -0.77 -0.00065889
380 -0.78 -0.00066743
381 -0.79 -0.00067602
382 -0.8 -0.0006846
383 -0.81 -0.00069312
384 -0.82 -0.00070166
385 -0.83 -0.00071028
386 -0.84 -0.00071879
387 -0.85 -0.00072735
388 -0.86 -0.00073586
389 -0.87 -0.00074439
390 -0.88 -0.00075291
391 -0.89 -0.00076151
392 -0.9 -0.00077004
393 -0.91 -0.00077857
394 -0.92 -0.00078708
395 -0.93 -0.00079569
396 -0.94 -0.00080418
397 -0.95 -0.00081274
398 -0.96 -0.00082129
399 -0.97 -0.00082983
400 -0.98 -0.0008383
401 -0.99 -0.00084686
402 -1 -0.00085541
